fcp
2387.5
